Left:
('D = ', [-0.001980888066537227, -0.02147700025762941, 0.0006841015603197759, -0.00108815737201456, 0.0])
('K = ', [247.35757622530616, 0.0, 153.29506251287017, 0.0, 247.39002468328675, 116.8939252668646, 0.0, 0.0, 1.0])
('R = ', [0.9995417232106595, 0.0032279128371214463, -0.0300985737167282, -0.0032132327445043023, 0.9999946938578694, 0.0005360890183786829, 0.03010014445804239, -0.0004391296185950722, 0.9995467915354354])
('P = ', [251.2699111385827, 0.0, 163.1802978515625, 0.0, 0.0, 251.2699111385827, 116.94859886169434, 0.0, 0.0, 0.0, 1.0, 0.0])

Right:
('D = ', [-0.00823560228072968, 0.011941631523956353, -0.0008137087854255292, 0.005684827477769688, 0.0])
('K = ', [248.97894170631278, 0.0, 161.85038053113018, 0.0, 248.68035901590156, 117.07950980602632, 0.0, 0.0, 1.0])
('R = ', [0.9999917289986313, 0.0035033775229645864, 0.002065981669714303, -0.003502369596947691, 0.9999937460039977, -0.0004912841321297013, -0.0020676899028590923, 0.0004840442373301131, 0.9999977451772789])
('P = ', [251.2699111385827, 0.0, 163.1802978515625, -117.04901478227022, 0.0, 251.2699111385827, 116.94859886169434, 0.0, 0.0, 0.0, 1.0, 0.0])
('self.T ', [-0.46582595639616126, -0.001631977683341247, -0.0009623958471697996])
('self.R ', [0.9994824721636005, -0.00027355688994846447, -0.032166955161557736, 0.00030312915886968424, 0.9999995359341701, 0.0009144638634322069, 0.03216669007608254, -0.0009237413449890203, 0.9994820912610075])
None
# oST version 5.0 parameters


[image]

width
320

height
240

[narrow_stereo/left]

camera matrix
247.357576 0.000000 153.295063
0.000000 247.390025 116.893925
0.000000 0.000000 1.000000

distortion
-0.001981 -0.021477 0.000684 -0.001088 0.000000

rectification
0.999542 0.003228 -0.030099
-0.003213 0.999995 0.000536
0.030100 -0.000439 0.999547

projection
251.269911 0.000000 163.180298 0.000000
0.000000 251.269911 116.948599 0.000000
0.000000 0.000000 1.000000 0.000000

# oST version 5.0 parameters


[image]

width
320

height
240

[narrow_stereo/right]

camera matrix
248.978942 0.000000 161.850381
0.000000 248.680359 117.079510
0.000000 0.000000 1.000000

distortion
-0.008236 0.011942 -0.000814 0.005685 0.000000

rectification
0.999992 0.003503 0.002066
-0.003502 0.999994 -0.000491
-0.002068 0.000484 0.999998

projection
251.269911 0.000000 163.180298 -117.049015
0.000000 251.269911 116.948599 0.000000
0.000000 0.000000 1.000000 0.000000



Left:
('D = ', [-0.001980888066537227, -0.02147700025762941, 0.0006841015603197759, -0.00108815737201456, 0.0])
('K = ', [247.35757622530616, 0.0, 153.29506251287017, 0.0, 247.39002468328675, 116.8939252668646, 0.0, 0.0, 1.0])
('R = ', [0.9995417232106595, 0.0032279128371214463, -0.0300985737167282, -0.0032132327445043023, 0.9999946938578694, 0.0005360890183786829, 0.03010014445804239, -0.0004391296185950722, 0.9995467915354354])
('P = ', [251.2699111385827, 0.0, 163.1802978515625, 0.0, 0.0, 251.2699111385827, 116.94859886169434, 0.0, 0.0, 0.0, 1.0, 0.0])

Right:
('D = ', [-0.00823560228072968, 0.011941631523956353, -0.0008137087854255292, 0.005684827477769688, 0.0])
('K = ', [248.97894170631278, 0.0, 161.85038053113018, 0.0, 248.68035901590156, 117.07950980602632, 0.0, 0.0, 1.0])
('R = ', [0.9999917289986313, 0.0035033775229645864, 0.002065981669714303, -0.003502369596947691, 0.9999937460039977, -0.0004912841321297013, -0.0020676899028590923, 0.0004840442373301131, 0.9999977451772789])
('P = ', [251.2699111385827, 0.0, 163.1802978515625, -117.04901478227022, 0.0, 251.2699111385827, 116.94859886169434, 0.0, 0.0, 0.0, 1.0, 0.0])
('self.T ', [-0.46582595639616126, -0.001631977683341247, -0.0009623958471697996])
('self.R ', [0.9994824721636005, -0.00027355688994846447, -0.032166955161557736, 0.00030312915886968424, 0.9999995359341701, 0.0009144638634322069, 0.03216669007608254, -0.0009237413449890203, 0.9994820912610075])
None
# oST version 5.0 parameters


[image]

width
320

height
240

[narrow_stereo/left]

camera matrix
247.357576 0.000000 153.295063
0.000000 247.390025 116.893925
0.000000 0.000000 1.000000

distortion
-0.001981 -0.021477 0.000684 -0.001088 0.000000

rectification
0.999542 0.003228 -0.030099
-0.003213 0.999995 0.000536
0.030100 -0.000439 0.999547

projection
251.269911 0.000000 163.180298 0.000000
0.000000 251.269911 116.948599 0.000000
0.000000 0.000000 1.000000 0.000000

# oST version 5.0 parameters


[image]

width
320

height
240

[narrow_stereo/right]

camera matrix
248.978942 0.000000 161.850381
0.000000 248.680359 117.079510
0.000000 0.000000 1.000000

distortion
-0.008236 0.011942 -0.000814 0.005685 0.000000

rectification
0.999992 0.003503 0.002066
-0.003502 0.999994 -0.000491
-0.002068 0.000484 0.999998

projection
251.269911 0.000000 163.180298 -117.049015
0.000000 251.269911 116.948599 0.000000
0.000000 0.000000 1.000000 0.000000



